2.59470454e+00 2.12298217e+00
 1.15807024e+00 -1.46498723e-01
 2.46206638e+00 6.19556894e-01
 -5.54845070e-01 -7.24700066e-01
 -3.23111426e+00 -1.42579084e+00
 3.02978115e+00 7.87121753e-01
 1.97365907e+00 1.15914704e+00
 -6.44852101e+00 -3.18154314e+00
 1.30963349e+00 1.62866434e-01
 4.26482541e+00 2.15547996e+00
 3.79927257e+00 1.50572445e+00
 4.17452609e-01 -6.74032760e-01
 4.21117627e-01 4.45590255e-01
 -2.80425571e+00 -7.77150554e-01
 2.55928797e+00 7.03954218e-01
 1.32554059e+00 -9.46663152e-01
 -3.39691439e+00 -1.49005743e+00
 -2.26542270e-01 3.60052515e-02
 1.04994198e+00 5.29825685e-01
 -1.51566882e+00 -1.86264432e-01
 -3.27928172e-01 -7.60859110e-01
 -3.18054866e-01 3.97719805e-01
 1.65579418e-01 -3.47232033e-01
 6.47162333e-01 4.96059961e-02
 -2.80776647e-01 4.79418757e-01
 7.45069752e-01 1.20790281e-01
 2.13604102e-01 1.59542555e-01
 -3.08860224e+00 -1.43259870e+00
 8.97066497e-01 1.10206801e+00
 -2.23918874e-01 -1.07267267e+00
 2.51525708e+00 2.84761973e-01
 9.98052532e-01 1.08333783e+00
 1.76705588e+00 8.18866778e-01
 5.31555163e-02 -1.90111151e-01
 -2.17405059e+00 7.21854582e-02
 -2.13772505e+00 -3.62010387e-01
 2.95974057e+00 1.31602381e+00
 2.74053561e+00 1.61781757e+00
 6.68135448e-01 2.86586009e-01
 2.82323739e+00 1.74437257e+00
 8.11540288e-01 5.50744478e-01
 4.10050897e-01 5.10668402e-03
 9.58626136e-01 -3.49633680e-01